Number Analysis Report
Generated on: 2026-01-11 21:51:38.125985

Numbers: [-9.0, 5.8, -3.9]
Count: 3
Min: -9.0
Max: 5.8
Sum: -7.1
Average: -2.3666666666666667
