Number Analysis Report
Generated on: 2026-01-08 20:17:45.268047

Numbers: [6.0, 7.0, 3.0]
Count: 3
Min: 3.0
Max: 7.0
Sum: 16.0
Average: 5.333333333333333
